7.223447521972655716e-01
7.347680356852213102e-01
7.162125209554036642e-01
7.215476139322917204e-01
7.131185709635416980e-01
6.972310101318359710e-01
7.145353334554036540e-01
7.130167897542317723e-01
7.219091947428385447e-01
7.224329626464843779e-01
7.105600510660807778e-01
7.096087770589192267e-01
7.211044744873046364e-01
7.241739542643229610e-01
7.162158221435547256e-01
7.240571040852864515e-01
7.170832171630859841e-01
7.253671492513020791e-01
7.414826450602213237e-01
7.199058797200520443e-01
7.171533738199870056e-01
7.236425215657552590e-01
7.088133453369140913e-01
7.165734523518880739e-01
7.035525012207031192e-01
7.299559132893880253e-01
7.175110670979817362e-01
7.268809651692708096e-01
7.287995019531250396e-01
7.132240893554687711e-01
7.249362536621093422e-01
7.188663041178385837e-01
7.160323793538411197e-01
7.098613264973958614e-01
7.072792795817057776e-01
7.160377130126953649e-01
7.196364941406250271e-01
7.183919081624349223e-01
7.131936519368489158e-01
7.153741202799479559e-01
7.224992712402343864e-01
7.118000882975260568e-01
7.293953619384765386e-01
7.130386358642578637e-01
7.216329148356119827e-01
7.340343743896484696e-01
7.199403623453776158e-01
7.284438203938802259e-01
7.184096228027343489e-01
7.267875923665364502e-01
7.108168149820963677e-01
7.265805662027994272e-01
7.179476576741536942e-01
7.031465710449218420e-01
7.189720166015625136e-01
7.129682885742187892e-01
7.101471836344400712e-01
7.120214518229166512e-01
7.035197243245442378e-01
7.261778381347656630e-01
7.124037457275390617e-01
7.138238008626301978e-01
7.176614689127603919e-01
7.133828401692707821e-01
7.137065663655598469e-01
7.152204229736328633e-01
7.154775032552083136e-01
7.154867272949219092e-01
7.029357493082681874e-01
7.188930128987630619e-01
7.121864986165364897e-01
7.014312461344400784e-01
7.046825679524739705e-01
7.123974206542968979e-01
7.058225299072266035e-01
7.075175109863280909e-01
7.054143391927083506e-01
7.124821923828125181e-01
7.181710563151041393e-01
7.137169073486328008e-01
7.084180507405598570e-01
7.120197389729817639e-01
7.196111869303385422e-01
7.175766322835286370e-01
7.016735335286458097e-01
7.250424088541667089e-01
7.096628800455728747e-01
7.195295198567708272e-01
7.188868198649088770e-01
7.093664147949219068e-01
7.108595920817056824e-01
7.234447119140624549e-01
7.085262017822265834e-01
7.093190816243489794e-01
7.203246759033202773e-01
7.088485198974608936e-01
7.137000258382161233e-01
7.037418249511718793e-01
7.286230873616535986e-01
7.137278045654297243e-01
7.145629109700520898e-01
7.242455902099609322e-01
7.284977073160807670e-01
7.277121634928385152e-01
7.282804268391926961e-01
7.253895910644531098e-01
7.265060605875650612e-01
7.060580423990885368e-01
7.270905452473958031e-01
7.130661751302083129e-01
7.139408620198567368e-01
7.257206162516276482e-01
7.324266912841796984e-01
7.470716859944661614e-01
7.426467761230468589e-01
7.363609342447916539e-01
7.506674035644531617e-01
7.412695977783203549e-01
7.466475380452474164e-01
7.269395666503906117e-01
7.425753192138672132e-01
7.493662469482421651e-01
7.628878285725911867e-01
7.308047434488932348e-01
7.571713273111979614e-01
7.565919871012369846e-01
7.541249344889322526e-01
7.587360257975260813e-01
7.631284360758463503e-01
7.495128651936848740e-01
7.533330511474609636e-01
7.543501757812499653e-01
7.517586686197916812e-01
7.612803995768229193e-01
7.478217338053385621e-01
7.672852079264322889e-01
7.502070129394531328e-01
7.546273638916015658e-01
7.534960054524739714e-01
7.487140073649088956e-01
7.404348175048828251e-01
7.481191546630859834e-01
7.380747153727214016e-01
7.440492336018880160e-01
7.382686053466797071e-01
7.435515856933593293e-01
7.440956274414062266e-01
7.518073122151692766e-01
7.483808111572265442e-01
7.357551871744791860e-01
7.390293686930338168e-01
7.474153489176432741e-01
7.568042500813801921e-01
7.409977347819010074e-01
7.299722330729166986e-01
7.375872218831379667e-01
7.313927638753254801e-01
7.371762129720051959e-01
7.403814542643228913e-01
7.410516569010416887e-01
7.302970080566406619e-01
7.406200421142578039e-01
7.344652445475260416e-01
7.355614424641927496e-01
7.421851570638020590e-01
7.283501761881510106e-01
7.360744437662760653e-01
7.343102360026041442e-01
7.328316499837239650e-01
7.350573844401041557e-01
7.255583707682291550e-01
7.166695699055989355e-01
7.191677001953125092e-01
7.354314569091796594e-01
7.312716404215494626e-01
7.513229001871745139e-01
7.411957729085286717e-01
7.335007513427734827e-01
7.486054754638672426e-01
7.368045292154947745e-01
7.322916058349608903e-01
7.101112469482422362e-01
7.465368367513021131e-01
7.503481235758463486e-01
7.437175111897786906e-01
7.432820225016275595e-01
7.350596250406901122e-01
7.319453979492187568e-01
7.350137701416015190e-01
7.369033414713541674e-01
7.364079752604166806e-01
7.397620495605469193e-01
7.442690364583333107e-01
7.342535424804687016e-01
7.331606955973307693e-01
7.298521478271484675e-01
7.545333986409504812e-01
7.575064943440755760e-01
7.378897753906249468e-01
7.321277528889973407e-01
7.280838818359375297e-01
7.357747161865234586e-01
7.357666597493489613e-01
7.455646246337890304e-01
7.576090804036458293e-01
7.298429205322265467e-01
7.484524837239583395e-01
7.269841160074870245e-01
7.404120843505859195e-01
7.327472532145182793e-01
7.490437229410806808e-01
7.320015706380208487e-01
7.455735650634766065e-01
7.363207395426432100e-01
7.289894675699869486e-01
7.265969742838541690e-01
7.328736484781901428e-01
7.300907230631510370e-01
7.295045662434895828e-01
7.355628108723958336e-01
7.282824112955729179e-01
7.367342928059895657e-01
7.557346549479166953e-01
7.278517952473958497e-01
7.435749965413411822e-01
7.284583575439452785e-01
7.347480617268880021e-01
7.313496356201172333e-01
7.318755257161457806e-01
7.400265806070963626e-01
7.410795143636067506e-01
7.403250693766275647e-01
7.257748199462890071e-01
7.326267089843749858e-01
7.174767565917968826e-01
7.426926070149739711e-01
7.212483117675780875e-01
7.358682784016926659e-01
7.388759881591796530e-01
7.247466074625651400e-01
7.335155944824218732e-01
7.417112888590494668e-01
7.473772521972655847e-01
7.230335001627604674e-01
7.347154606119791209e-01
7.304020762125651434e-01
7.299111501057943263e-01
7.293236305745443016e-01
7.349293143717448018e-01
7.373007130940755216e-01
7.367320200602213154e-01
7.261845422363281122e-01
7.395226926676432555e-01
7.409168646240233969e-01
7.249096909586588700e-01
7.367434356689452901e-01
7.360618992106119363e-01
7.266985719807942390e-01
7.196995184326171469e-01
7.219802246093750542e-01
7.398662392171223567e-01
7.348380550130207967e-01
7.112464306640624567e-01
7.301612955729166465e-01
7.268416394042969131e-01
7.346027832031249982e-01
7.305797133382161412e-01
7.270050663248698308e-01
7.203392395019531103e-01
7.325575056966145970e-01
7.324886484781900631e-01
7.245440777587890402e-01
7.353134344482421536e-01
7.130169081624349037e-01
7.158261612955729714e-01
7.199263539632161368e-01
7.308623093668620285e-01
7.408448628743489195e-01
7.343156254069010958e-01
7.259670737711588773e-01
7.333664760335286692e-01
7.199464123535156412e-01
7.218322452799479372e-01
7.299784244791667209e-01
7.253238401285807546e-01
7.221956890869141166e-01
7.130974220784505047e-01
7.176523994954426833e-01
7.363508284505208001e-01
7.226289678955077900e-01
7.252175885009766176e-01
7.292083050537109257e-01
7.137224666341145385e-01
7.369261043294270674e-01
7.299216400146484318e-01
7.432519283040364133e-01
7.261587379964192790e-01
7.337866469319661578e-01
7.291688000488281141e-01
7.343897224934895496e-01
7.276217814127604600e-01
7.346619299316405893e-01
7.226751487223307402e-01
7.298429687499999874e-01
7.197577659098307601e-01
7.178727815755208130e-01
7.221026759847005705e-01
7.159975423177082909e-01
7.152418080647786613e-01
7.112332071940103972e-01
7.174697884114583646e-01
7.264858980305989311e-01
7.369792960611979415e-01
7.275579866536457940e-01
7.226806911214193052e-01
7.267012711588541896e-01
7.188451993815103691e-01
7.297381361897786745e-01
7.301438179524739613e-01
7.164514253743489158e-01
7.218446457926431803e-01
7.339379001871745301e-01
7.358548618570963651e-01
7.170981982421874568e-01
7.210021321614583645e-01
7.314169156901041413e-01
7.305717834472655881e-01
7.244233498128255233e-01
7.268248303222656359e-01
7.264192519124349490e-01
7.272793475341796654e-01
7.173410052490234445e-01
7.267688663736978638e-01
7.259937300618489742e-01
7.200761767578125472e-01
7.312195947265625051e-01
7.258599812825521358e-01
7.296479752604166924e-01
7.216858605957031658e-01
7.179593074544270426e-01
7.332917639160155820e-01
7.327889095052083634e-01
7.145067716471353858e-01
7.169393770345051653e-01
7.197093381754556818e-01
7.149545788574218630e-01
7.184633833821614246e-01
7.138616817220052591e-01
7.418745182291666129e-01
7.317179604085286559e-01
7.270209832763672164e-01
7.332974556477864780e-01
7.343475113932291798e-01
7.340260026041666164e-01
7.269119567871094034e-01
7.332239864095052573e-01
7.260289465332031567e-01
7.183478135172526313e-01
7.141596978759765513e-01
7.222263248697916582e-01
7.258596759033203449e-01
7.307504585774740047e-01
7.326254699707031026e-01
7.284610546874999981e-01
7.209275356038411520e-01
7.306297705078125260e-01
7.196327612304687094e-01
7.241179457600911418e-01
7.337470253499348560e-01
7.327739270019530959e-01
7.317403623453776484e-01
7.394970949300130325e-01
7.330816461181640653e-01
7.212888804117838504e-01
7.354116640218099077e-01
7.195154152425130567e-01
7.247131589762370041e-01
7.201562634277344221e-01
7.223813155110676565e-01
7.361995686848958886e-01
7.408375315348307844e-01
7.255450895182291582e-01
7.108444840494791972e-01
7.249229343668619485e-01
7.296418802897135514e-01
7.374707989501952943e-01
7.216931144205729343e-01
7.223761014811197478e-01
7.236863574218750372e-01
7.219940291341145899e-01
7.287837001546223492e-01
7.250247593180338956e-01
7.336969700113932236e-01
7.238292903645833221e-01
7.298218815104167145e-01
7.198760239664713234e-01
7.245105924479167125e-01
7.314457063802083381e-01
7.271652313232421783e-01
7.320879502360025937e-01
7.386020273844401407e-01
7.217200400797526560e-01
7.406983337402344159e-01
7.258832733154296779e-01
7.213577510579427532e-01
7.311432816569010118e-01
7.286811031087239154e-01
7.373087554931641030e-01
7.306076310221354397e-01
7.299340730794270371e-01
7.190007436116536699e-01
7.359742049153645826e-01
7.391561867268879871e-01
7.282506408691405975e-01
7.303466815185546412e-01
7.370053006998698031e-01
7.335980100504557733e-01
7.323173490397135721e-01
7.155537375895182350e-01
7.319959914143879809e-01
7.306069982910156080e-01
7.328042329915364084e-01
7.298642439778645352e-01
7.292039398193359556e-01
7.322690810139973472e-01
7.342966768391927523e-01
7.487335532633463409e-01
7.258519250488281171e-01
7.280825154622395656e-01
7.253675813802082928e-01
7.344766896565755321e-01
7.294317268880208260e-01
7.203082147216797182e-01
7.393354650878906087e-01
7.264769315592447541e-01
7.256742468261718759e-01
7.279036855061848943e-01
7.297015338134765772e-01
7.285485540771484692e-01
7.295634590657552598e-01
7.310208131917317331e-01
7.281566542561849209e-01
7.339625659179687123e-01
7.397827832031249606e-01
7.352883628336588373e-01
7.402552382405599429e-01
7.300358585611979034e-01
7.201774489339192176e-01
7.387716324869791906e-01
7.266122393798828405e-01
7.330446748860677264e-01
7.442396380615234897e-01
7.272915136718749451e-01
7.331536425781249866e-01
7.344948842366536557e-01
7.264069529215494425e-01
7.312449741617838006e-01
7.266170599365234795e-01
7.261830405680338441e-01
7.205657987467447567e-01
7.494396282958983857e-01
7.312133243815104322e-01
7.292741017659505331e-01
7.380622391764323220e-01
7.293677335611978840e-01
7.361023181152344108e-01
7.308519425455729523e-01
7.285533579508463031e-01
7.312766318766276141e-01
7.257362811279296499e-01
7.243359271240233932e-01
7.391544124348958800e-01
7.434246042887370232e-01
7.454034767659505345e-01
7.312068326822916964e-01
7.143243139648437490e-01
7.092616422526041298e-01
7.388670674641927283e-01
7.237542447916666122e-01
7.328209387207030856e-01
7.255122208658854044e-01
7.271480312093099307e-01
7.528235766601562018e-01
7.293950309244792152e-01
7.221469344075520658e-01
7.366553918457031669e-01
7.392224530029296581e-01
7.415138450113932800e-01
7.254231494140624958e-01
7.228157613118489921e-01
7.368728460693358961e-01
7.333342307535807292e-01
7.352598421223958125e-01
7.324439310709635054e-01
7.414796714274088929e-01
7.408714998372395444e-01
7.390006943766276315e-01
7.444941373697916420e-01
7.428235105387369641e-01
7.253365958658853918e-01
7.332493296305339081e-01
7.342513083902995064e-01
7.348369451904296357e-01
7.388448567708333359e-01
7.386839088948568000e-01
7.579778887939453424e-01
7.281489182535807458e-01
7.414292553710937206e-01
7.277278538004556818e-01
7.303134537760416212e-01
7.333182226562500183e-01
7.272359273274739966e-01
7.269799666341145716e-01
7.356674493408202897e-01
7.285891845703125203e-01
7.183207092285156525e-01
7.185335581461588239e-01
7.320441512044271182e-01
7.406175661214192685e-01
7.374486629231771229e-01
7.401756097412108826e-01
7.292433422851563041e-01
7.213707273356120275e-01
7.282632419840494586e-01
7.231100278727213837e-01
7.337684377034505712e-01
7.367772855631510298e-01
7.319988954671223791e-01
7.409589353434244963e-01
7.366728450520833027e-01
7.425037589518229675e-01
7.446147210693359053e-01
7.372081170654296578e-01
7.179335251871744594e-01
7.224475927734375080e-01
7.252425362141926568e-01
7.336021354166666342e-01
7.236008105468749729e-01
7.449336757405599085e-01
7.284324031575520886e-01
7.370420955403645946e-01
7.142421826171875265e-01
7.403215248616535904e-01
7.340132057698567358e-01
7.413247052001953330e-01
7.240334987386067844e-01
7.433208921305338723e-01
7.395386049397786321e-01
7.523229089355468746e-01
7.344853426106771055e-01
7.585300614420572574e-01
7.402799741617838158e-01
7.360749475097656536e-01
7.308904982503254821e-01
7.509536781819661222e-01
7.475446942138671558e-01
7.388914459228516085e-01
7.292037849934895899e-01
7.419949731445312224e-01
7.397034328206379961e-01
7.454967374674479341e-01
7.366725541178384962e-01
7.445532214355469192e-01
7.454519899495443136e-01
7.511069775390625258e-01
7.403938238525390458e-01
7.396110719807942324e-01
7.372571439615885902e-01
7.423481209309895634e-01
7.516347072347004943e-01
7.395103676350911481e-01
7.466101418050130611e-01
7.440018998209635415e-01
7.242417401123046883e-01
7.423591333007812931e-01
7.345038901774088025e-01
7.389320886230468233e-01
7.333953586832682170e-01
7.504951523844400896e-01
7.411786285400390195e-01
7.405233723958333236e-01
7.377460616048177044e-01
7.384792222086588032e-01
7.485582466634114196e-01
7.430090506998697775e-01
7.247921691894531060e-01
7.562313110351562839e-01
7.375791666666666746e-01
7.458837288411458433e-01
7.146406331380208421e-01
7.368791520182291777e-01
7.499547869873046668e-01
7.300689756266276476e-01
7.395831966145833825e-01
7.352121993001301536e-01
7.330588456217448368e-01
7.408874839274088853e-01
7.326553853352865131e-01
7.515808178710937648e-01
7.330134645589192477e-01
7.521073057047525934e-01
7.352312774658202876e-01
7.380467169189453003e-01
7.533852199300130614e-01
7.414290071614583200e-01
7.258617749023437149e-01
7.341541434733073190e-01
7.468110552978515226e-01
7.475383463541667162e-01
7.560097562662760895e-01
7.402433894856770280e-01
7.421487255859374743e-01
7.444081654866536724e-01
7.488048179117838821e-01
7.363702331542968382e-01
7.373813814290364199e-01
7.501233105468749773e-01
7.380699662272135475e-01
7.383173114013671379e-01
7.390801027425130121e-01
7.318703641764322532e-01
7.400300093587239836e-01
7.338464276123046748e-01
7.351627244059244504e-01
7.463276405843098926e-01
7.442294006347656143e-01
7.386550225830078586e-01
7.452185555013021157e-01
7.474057033284504659e-01
7.400615393066406478e-01
7.508952829996744516e-01
7.336582084147135197e-01
7.478019484456380761e-01
7.481053114827473927e-01
7.452942274983723747e-01
7.318243817138672114e-01
7.420378977457682268e-01
7.432008138020833599e-01
7.285044541422526221e-01
7.516762428792317374e-01
7.373119283040364680e-01
7.507590350341797336e-01
7.461475297037760690e-01
7.353262290445963245e-01
7.353761444091796440e-01
7.346238950602212991e-01
7.427742551676432825e-01
7.426854591878254697e-01
7.412421063232421670e-01
7.468417350260416754e-01
7.357532889811198018e-01
7.258892915852864780e-01
7.326896547444661234e-01
7.348248004150390589e-01
7.363453955078125279e-01
7.248913201904296777e-01
7.298925056966145686e-01
7.368684722900390449e-01
7.508527164713542090e-01
7.370661372884114160e-01
7.272928450520833588e-01
7.375464497884114401e-01
7.422435345458984202e-01
7.384574422200520516e-01
7.391090238444010252e-01
7.480013661702473726e-01
7.477600050862630576e-01
7.435137001546223701e-01
7.508356978352864752e-01
7.411620751953125197e-01
7.510521917724609642e-01
7.351674611409505511e-01
7.379855851236979403e-01
7.475397829182942600e-01
7.444019032796224122e-01
7.397829758707682446e-01
7.435993023681640723e-01
7.347054162597655980e-01
7.478439349365234579e-01
7.440108626302083250e-01
7.420437998453776052e-01
7.317642801920573037e-01
7.524397609456380254e-01
7.510617769368489460e-01
7.466760738118489726e-01
7.420056168619791892e-01
7.290755318196614487e-01
7.364565401204427042e-01
7.418070928955078358e-01
7.427706030273437676e-01
7.353876578776041839e-01
7.396104048665365083e-01
7.372887198893228744e-01
7.458551080322265436e-01
7.510957224527994303e-01
7.375228590901692360e-01
7.348405367024739565e-01
7.461947764078775691e-01
7.435678424072265091e-01
7.230348358154297106e-01
7.337899507649739972e-01
7.305858514404296455e-01
7.461007910156249867e-01
7.358581445312499802e-01
7.312598744710286924e-01
7.294249751790364833e-01
7.351405773925780984e-01
7.279804793294271104e-01
7.369635044352214059e-01
7.245359826660155989e-01
7.261807861328124503e-01
7.337718204752604612e-01
7.375329978434245204e-01
7.481213513183593289e-01
7.568794128417968281e-01
7.488864349365234041e-01
7.354735420735677431e-01
7.368661242675781375e-01
7.489477132161458384e-01
7.491943817138672079e-01
7.411154646809895441e-01
7.456990079752604528e-01
7.388266070556640530e-01
7.364575882975260557e-01
7.346071702067057396e-01
7.355578086344400912e-01
7.378330476888020906e-01
7.314341304524739629e-01
7.527205714925130353e-01
7.500199814860025738e-01
7.465978651936848731e-01
7.546234356689452971e-01
7.368592604573567240e-01
7.276375443522135056e-01
7.477579844156900801e-01
7.430119425455729010e-01
7.502546787516276572e-01
7.487301833089192726e-01
7.467407124837239785e-01
7.493629642740885499e-01
7.333859794108072983e-01
7.497917136637369806e-01
7.411921020507812319e-01
7.381455411783853782e-01
7.292273337809245248e-01
7.482824019368489177e-01
7.409900309244791261e-01
7.430279479980468338e-01
7.519048465983072527e-01
7.335968882242838163e-01
7.479650720214843229e-01
7.421516961669921697e-01
7.380471618652343357e-01
7.399165435791015266e-01
7.524064959716796341e-01
7.400192102050781040e-01
7.270397845458984598e-01
7.394657023111979033e-01
7.494758382161458288e-01
7.346771990966797228e-01
7.357859120686849330e-01
7.441307373046874840e-01
7.450819441731770798e-01
7.389902996826172021e-01
7.500209543863932682e-01
7.454043306477864395e-01
7.583463431803385557e-01
7.404345638020832787e-01
7.606459244791666796e-01
7.358055025227864254e-01
7.440974841308594101e-01
7.497390928141276500e-01
7.534283392333984697e-01
7.427423443603515807e-01
7.371977077229817654e-01
7.345387554931640528e-01
7.569033359781901504e-01
7.416679559326171400e-01
7.535831606038411179e-01
7.356043931070963549e-01
7.497821472167969237e-01
7.423615098063151008e-01
7.444383870442707885e-01
7.280052864583332894e-01
7.410969885253906320e-01
7.293328969319661237e-01
7.589344919840494974e-01
7.548602530924478637e-01
7.473749725341797268e-01
7.502838905843098871e-01
7.561683408610025969e-01
7.421385168457030890e-01
7.509504414876302381e-01
7.419529994710286624e-01
7.539545756022135725e-01
7.498008825683594170e-01
7.454007895914713799e-01
7.402866335042317392e-01
7.464156115722656581e-01
7.407166784667968962e-01
7.486521864827474504e-01
7.462090366617838422e-01
7.526241084798177550e-01
7.483855238850911640e-01
7.386562870279947957e-01
7.435748500569661079e-01
7.459499420166015859e-01
7.426075311279296542e-01
7.474888494873046518e-01
7.506813094075520665e-01
7.355234289550781623e-01
7.377145473225911187e-01
7.485541015625000183e-01
7.472927054850260209e-01
7.532845168050130713e-01
7.587821303304036480e-01
7.549526139322916274e-01
7.449985050455729674e-01
7.502306823730469088e-01
7.492431032307942385e-01
7.433740468343098540e-01
7.509409364827474009e-01
7.529530006917317664e-01
7.584508644612629746e-01
7.509569632975260367e-01
7.567441133626302552e-01
7.494595981852213429e-01
7.468861834716796766e-01
7.306430871582031417e-01
7.556243642171224240e-01
7.452724001057943193e-01
7.476673524983723507e-01
7.453494980875651210e-01
7.462511104329426770e-01
7.599398459879557199e-01
7.625099995930989527e-01
7.444154738362630530e-01
7.527419809977213827e-01
7.501479632568359701e-01
7.500833190917969295e-01
7.618625441487629768e-01
7.468156496175130110e-01
7.580365395100912007e-01
7.374806034342448191e-01
7.527420397949218245e-01
7.533387072753906510e-01
7.497154903157552397e-01
7.395620648193359514e-01
7.516039438883463930e-01
7.358743078613281252e-01
7.500570359293620148e-01
7.451113083902994871e-01
7.658662943522135391e-01
7.517161427815755026e-01
7.514373832194010117e-01
7.540242034912109093e-01
7.563492323811848994e-01
7.515752400716145809e-01
7.396616396077474453e-01
7.388749977620442388e-01
7.507460970052083349e-01
7.437575524902343416e-01
7.432575270589192318e-01
7.432285628255208554e-01
7.540658107503255270e-01
7.461107944742838560e-01
7.431032395426432346e-01
7.515428639729817561e-01
7.490134562174479704e-01
7.485732545979817409e-01
7.508417563883463819e-01
7.627533489990234727e-01
7.441636767578124756e-01
7.463353114827473433e-01
7.609192962646484926e-01
7.412639542643228996e-01
7.620089377848306977e-01
7.542139878336588943e-01
7.464717952473958196e-01
7.639460921223958367e-01
7.475720802815755128e-01
7.563580326334635728e-01
7.526348510742187914e-01
7.451357666015625547e-01
7.494938972981770586e-01
7.492515761311848710e-01
7.424818432617187325e-01
7.460783400472005278e-01
7.569449977620442693e-01
7.537857338460286494e-01
7.556866133626302107e-01
7.453506247965494547e-01
7.525358622233072614e-01
7.502932061767577654e-01
7.482418066406250068e-01
7.618667730712890274e-01
7.500710548909504949e-01
7.474860666910807527e-01
7.607237282307942605e-01
7.537211879475911314e-01
7.441915277099608872e-01
7.459434159342448467e-01
7.448738047281900920e-01
7.454162461344401303e-01
7.443510968017578167e-01
7.604439202880859394e-01
7.365989184570312931e-01
7.525718662516276414e-01
7.454782714843749547e-01
7.533419122314453098e-01
7.472938739013671450e-01
7.627732427978515251e-01
7.517581264241536276e-01
7.605559611002604692e-01
7.722316135660807213e-01
7.738462575276692235e-01
7.537808034261067602e-01
7.595201609293620315e-01
7.752968155924478966e-01
7.534658123779296446e-01
7.557847021484375150e-01
7.758112469482422169e-01
7.675775823974609890e-01
7.630261462402343486e-01
7.624381060791015630e-01
7.612902211507160954e-01
7.689187066650390312e-01
7.568981262207030714e-01
7.494588112386068035e-01
7.547775333658853780e-01
7.525018031819661335e-01
7.721639870198567790e-01
7.794804339599609166e-01
7.781049987792968414e-01
7.793968882242838792e-01
7.689087432861327898e-01
7.632527209472655949e-01
7.698329136149089091e-01
7.796100368245442169e-01
7.663815942382812274e-01
7.715825478108724322e-01
7.764123980712890338e-01
7.679966495768228985e-01
7.698430275472005757e-01
7.826328163655599246e-01
7.758746063232422330e-01
7.665412406412760449e-01
7.827411442057291557e-01
7.920851572672525931e-01
7.785058451334635476e-01
7.774085856119791194e-01
7.756707928466797242e-01
7.512223223876952627e-01
7.663752541097005322e-01
7.645896657307942323e-01
7.535088065592447926e-01
7.689739190673827718e-01
7.786018646240234764e-01
7.625229187011718368e-01
7.552491914876302559e-01
7.678777514648437164e-01
7.963450805664062937e-01
7.503427386474609273e-01
7.728231345621744408e-01
7.734682108561198310e-01
7.673062225341796827e-01
7.533680076090494282e-01
7.869256801350911212e-01
7.816789562988281093e-01
7.784255383300781039e-01
7.730928169759114787e-01
7.671994856770832927e-01
7.528743959554036191e-01
7.649093141682942187e-01
7.754066143798827859e-01
7.764164347330728688e-01
7.693477233886718558e-01
7.630913376871745202e-01
7.778075533040365031e-01
7.637732698567708534e-01
7.586264243570963739e-01
7.618201540120442816e-01
7.761261869303385241e-01
7.726997438557943187e-01
7.678719152832030881e-01
7.705193625895182530e-01
7.736315598551432027e-01
7.619134977213541937e-01
7.781975292968750235e-01
7.694635426839192549e-01
7.623186492919922230e-01
7.735020998128254721e-01
7.642372884114583265e-01
7.670309552001952635e-01
7.672600410970051854e-01
7.646066135660807284e-01
7.828970902506510177e-01
7.651273620605468784e-01
7.551419362386068146e-01
7.705119657389323251e-01
7.691606901041666555e-01
7.560883589680990058e-01
7.694388427734375480e-01
7.678665663655599438e-01
7.825472334798176943e-01
7.615520296223958763e-01
7.686660111490885017e-01
7.672715702311198038e-01
7.559566839599609622e-01
7.675456044514974430e-01
7.726084729003905860e-01
7.680659326171874746e-01
7.754764927164713439e-01
7.621500821940103698e-01
7.553038193766276054e-01
7.746516304524739827e-01
7.815690323893229596e-01
7.676453562418620313e-01
7.595125331624349441e-01
7.643084110514323237e-01
7.611132155354817241e-01
7.610644360351562776e-01
7.749315983072916358e-01
7.686170975748698453e-01
7.826960054524739752e-01
7.617729042561849351e-01
7.687692238362630048e-01
7.633184611002604703e-01
7.764731085205077710e-01
7.626953363037108913e-01
7.639486067708333161e-01
7.888032777913411842e-01
7.704687379964192395e-01
7.730679136149088970e-01
7.714833835856119704e-01
7.713653363037109578e-01
7.667703670247395520e-01
7.667223232014973577e-01
7.801794447835286306e-01
7.679734608968098453e-01
7.659903151448568259e-01
7.688916135660807116e-01
7.639978953043620180e-01
7.781772456868489840e-01
7.618031968180338787e-01
7.494125653076172400e-01
7.665343725585938017e-01
7.813480863444010049e-01
7.771730910237629741e-01
7.638575935872395917e-01
7.702780281575520860e-01
7.682072922770182277e-01
7.666256349690755423e-01
7.522150531005858953e-01
7.673780922444661812e-01
7.697978316243490049e-01
7.834989975992838751e-01
7.727513944498698439e-01
7.758637172444661223e-01
7.747818855794270654e-01
7.874965622965495182e-01
7.654212237548828623e-01
7.712456416829427397e-01
7.770195749918620276e-01
7.660928332519530981e-01
7.614584358723958113e-01
7.855429911295572776e-01
7.708382096354167157e-01
7.766697147623697894e-01
7.638516011555989138e-01
7.689126324462890461e-01
7.728831390380859201e-01
7.742091851806640612e-01
7.736599220784504682e-01
7.666659535725911523e-01
7.737808756510416996e-01
7.805162913004557446e-01
7.564662325032551760e-01
7.621843660481770755e-01
7.592341276041666420e-01
7.727214652506509962e-01
7.689575236002603731e-01
7.745413598632812091e-01
7.501700657145182749e-01
7.752179077148437791e-01
7.531383650716145794e-01
7.628058052571614622e-01
7.665378576660156762e-01
7.751680265299478734e-01
8.006992325846353786e-01
7.570864894612630014e-01
7.760328672281900930e-01
7.925694519042968400e-01
7.779860316975911738e-01
7.563743273925781496e-01
7.703901194254557661e-01
7.587945524088541838e-01
7.568228637695312289e-01
7.555117195638020311e-01
7.725661480712890938e-01
7.715511177571614532e-01
7.535599214680989144e-01
7.734889792887369442e-01
7.665260325113931739e-01
7.676023673502604394e-01
7.654784706624349067e-01
7.691519828287760596e-01
7.579311741129557412e-01
7.602386582438150908e-01
7.745661991373697930e-01
7.764185489908854709e-01
7.782905291748046794e-01
7.781828173828124751e-01
7.845838724772135064e-01
7.770760337320963274e-01
7.700855202229818230e-01
7.612351888020832957e-01
7.666279667154948241e-01
7.836906311035156669e-01
7.648177351888020281e-01
7.801482952880859356e-01
7.686614341227213654e-01
7.698171710205078400e-01
7.744519903564452967e-01
7.783127591959635438e-01
7.712046287027994884e-01
7.684656349690754951e-01
7.844745945231119677e-01
7.785890126546224366e-01
7.651611859130859061e-01
7.774637375895182556e-01
7.572498579915364347e-01
7.648646154785155860e-01
7.656186171468098989e-01
7.726389754231770546e-01
7.904652958170572674e-01
7.591936647542317784e-01
7.687052355957031402e-01
7.806807246907552233e-01
7.626104665120442272e-01
7.664038806152343453e-01
7.636289988199870260e-01
7.829647100830078310e-01
7.678821736653645980e-01
7.724728767903645821e-01
7.734877101643879982e-01
7.802527752685546325e-01
7.642057348632812497e-01
7.684332126871744606e-01
7.760631386311849234e-01
7.491765032958984660e-01
7.800306545003254932e-01
7.771697696940104150e-01
7.765215356445313022e-01
7.740665822347004843e-01
7.673052498372395780e-01
7.533762813313802376e-01
7.692864337158202837e-01
7.709590647379557238e-01
7.639863264973958401e-01
7.560698893229166329e-01
7.470082427978516071e-01
7.696336549886068079e-01
7.652476220703124943e-01
7.662034680175781043e-01
7.687210194905599314e-01
7.634636688232422363e-01
7.549904699707030709e-01
7.577758060709635091e-01
7.662792816162109499e-01
7.677135451253255249e-01
7.764687862141926855e-01
7.798771911621094066e-01
7.675075451660156034e-01
7.628913647460937586e-01
7.744640565999348913e-01
7.575040167236327671e-01
7.604280470784505752e-01
7.643019038899739881e-01
7.679595503743489315e-01
7.702330877685547028e-01
7.613117264811197771e-01
7.650394429524739470e-01
7.566247546386718481e-01
7.750391288248698052e-01
7.681034934488932819e-01
7.551191678873697688e-01
7.767645908610025796e-01
7.666486602783203486e-01
7.587272170003255267e-01
7.791337408447265300e-01
7.676662910970052378e-01
7.638636844889322708e-01
7.653312768554687562e-01
7.731293855794271197e-01
7.631590034993489535e-01
7.667993123372396358e-01
7.859337884521484519e-01
7.777665480550129962e-01
7.778627547200520631e-01
7.819823258463541871e-01
7.712986033121744800e-01
7.664659930419921441e-01
7.605746602376302068e-01
7.786507452392578132e-01
7.595773358154296329e-01
7.780485237630208051e-01
7.488953605143229275e-01
7.853737036132812932e-01
7.800685715738931991e-01
7.806000319417317757e-01
7.843832220458983873e-01
7.809894295247395979e-01
7.657791127522786123e-01
7.641637436930338589e-01
7.633826411946614821e-01
7.706236169433593464e-01
7.738794303385416740e-01
7.738504646809896137e-01
7.740081886800129762e-01
7.813536975097655768e-01
7.726393416341146292e-01
7.746664001464843574e-01
7.519619224039713057e-01
7.727214447021484300e-01
7.710008886718749954e-01
7.611030106608073220e-01
7.684025128173828101e-01
7.775522574869792036e-01
7.934380013020833067e-01
7.928211065673828051e-01
7.792137117513020517e-01
7.754904199218749516e-01
7.796230151367187222e-01
7.719665987141927088e-01
7.791159486897786257e-01
7.632400783284505330e-01
7.760840952555339012e-01
7.776538197835286548e-01
7.708609694417317693e-01
7.696014935302734061e-01
7.831899310302734563e-01
7.687082114664713917e-01
7.725437697347005139e-01
7.686256359863281595e-01
7.792161210123698112e-01
7.644063897705077881e-01
7.780793717447916924e-01
7.764232371012369516e-01
7.773585500081380273e-01
7.638126491292317466e-01
7.718319940185547345e-01
7.771262974039713223e-01
7.793194783528646363e-01
7.621032997639973772e-01
7.711884973144531585e-01
7.751910455322265081e-01
7.703415228271484061e-01
7.656817417399088832e-01
7.762314213053385092e-01
7.563346024576822479e-01
7.838423008219400634e-01
7.518899271647135896e-01
7.578165313720702789e-01
7.634020924886067982e-01
7.673442199707031230e-01
7.780915777587890103e-01
7.692480761718749616e-01
7.883346594238280769e-01
7.732380067952473457e-01
7.706415413411458193e-01
7.807347448730468376e-01
7.732210837809244675e-01
7.708837292480468228e-01
7.728878314208984524e-01
7.621059812418620183e-01
7.923764204915364484e-01
7.672976759847005557e-01
7.660210402425130516e-01
7.694624409993489067e-01
7.522583044433593935e-01
7.765691798909505339e-01
7.706848577880859308e-01
7.747482639567057072e-01
7.792233799235026570e-01
7.752926930745442924e-01
7.647656536865233834e-01
7.588834271240234575e-01
7.587914503987630566e-01
7.752119637044271316e-01
7.778037170410155854e-01
7.745470853678385614e-01
7.838947351074219139e-01
7.719697208658854448e-01
7.757441890462239975e-01
7.656472212727865045e-01
7.752862770589192820e-01
7.763408660888672097e-01
7.740921103922525637e-01
7.902673518880208858e-01
7.773669543457031317e-01
7.669234865315754934e-01
7.742612941487629907e-01
7.492044222005208587e-01
7.741008577473957875e-01
7.797846667480469174e-01
7.658926340738931859e-01
7.794481107584635415e-01
7.668569191487629721e-01
7.749528944905599293e-01
7.634887084960937376e-01
7.924035681152343802e-01
7.639482157389323458e-01
7.854829740397135662e-01
7.662885085042318023e-01
7.556501035563151225e-01
7.703894099934895934e-01
7.688379083251952739e-01
7.793061867268880061e-01
7.584923028564453107e-01
7.700761401367187675e-01
7.787291113281249455e-01
7.689556569417317355e-01
7.676146506754557564e-01
7.766302807617188053e-01
7.797904457600911554e-01
7.662384743245442831e-01
7.648646700032551982e-01
7.596968835449219304e-01
7.663409381103515328e-01
7.730625636800130263e-01
7.870088527425129765e-01
7.693909077962239884e-01
7.766568326822916868e-01
7.686021673583984803e-01
7.750310732014974446e-01
7.675929746500651518e-01
7.666182137044270650e-01
7.725458943684896385e-01
7.768988769531249838e-01
7.733869809977214071e-01
7.543906943766276463e-01
7.684550524902343804e-01
7.796686167399088374e-01
7.679098712158203277e-01
7.674233719889322902e-01
7.785740543619791287e-01
7.657474263509114198e-01
7.703808532714844226e-01
7.648860135904947954e-01
7.756746207682291283e-01
7.683665724690754706e-01
7.686212410481770840e-01
7.681381050618489859e-01
7.581781414794921403e-01
7.542231648763020324e-01
7.569882710774739065e-01
7.803763411458333188e-01
7.624106494140624468e-01
7.648102423095702873e-01
7.668901133219401256e-01
7.653467024739583069e-01
7.541111340332031787e-01
7.732232623291015461e-01
7.654329754638672378e-01
7.710063816324870256e-01
7.691616282145182781e-01
7.625448620605468353e-01
7.717986617024739093e-01
7.730451375325521068e-01
7.756594055175781710e-01
7.719380855305989497e-01
7.709137445068359185e-01
7.741700406901041998e-01
7.682789691162109635e-01
7.757619252522786057e-01
7.716875565592448138e-01
7.650861678059895921e-01
7.795481449381510552e-01
7.764599827067056870e-01
7.732645625813802104e-01
7.821085115559895939e-01
7.826115356445312310e-01
7.836607981363932218e-01
7.679520347086588039e-01
7.728996240234374815e-01
7.818293998209635554e-01
7.899493404134114716e-01
7.759552030436197567e-01
7.762989882405598729e-01
7.738381508382161655e-01
7.710203751627604518e-01
7.810129361979166740e-01
7.779565649414063033e-01
7.707312654622395787e-01
7.630077010091146361e-01
7.742861405436197719e-01
7.800585408528646347e-01
7.718328562418619310e-01
7.689529506429036987e-01
7.651360133870442892e-01
7.724638102213541302e-01
7.625337084960936984e-01
7.636053462727864227e-01
7.749876564534504686e-01
7.617977905273437544e-01
7.637280126953125414e-01
7.643734065755208862e-01
7.661102524820962989e-01
7.618087835693359011e-01
7.688401641845703516e-01
7.641503352864583709e-01
7.750859090169270882e-01
7.641079207356771263e-01
7.802210361735025801e-01
7.672896433512369496e-01
7.648793874104817814e-01
7.587725323486328444e-01
7.734515775553385541e-01
7.774331852213541838e-01
7.689772090657551740e-01
7.639390527343750126e-01
7.571190962727865070e-01
7.766831510416666307e-01
7.759642836507161245e-01
7.665441369628905877e-01
7.685421732584635235e-01
7.604727858479817248e-01
7.663291918945313030e-01
7.676552309163411358e-01
7.562892864990233832e-01
7.819605330403646137e-01
7.652525661214192310e-01
7.552080318196614517e-01
7.732436515299478952e-01
7.720329048665364180e-01
7.659735723876953672e-01
7.691941017659504887e-01
7.667588037109375199e-01
7.659333925374348651e-01
7.557188385009765419e-01
7.694857104492187627e-01
7.727285689290364079e-01
7.604321164957682511e-01
7.613174135335286641e-01
7.552920890299479328e-01
7.726505784098307572e-01
7.628155981445312595e-01
7.750095080566405947e-01
7.739764544677734115e-01
7.647594122314452791e-01
7.704701672363281073e-01
7.597260941569010662e-01
7.723800634765625173e-01
7.756683728027343738e-01
7.687027978515624804e-01
7.872164324951171910e-01
7.693706357828775655e-01
7.647096244303385193e-01
7.706799717203776101e-01
7.528768180338542004e-01
7.802635955810547363e-01
7.690889518229166999e-01
7.774451692708332917e-01
7.611892218017578537e-01
7.681962854003906438e-01
7.725240468343098632e-01
7.737643398030599196e-01
7.704748679606119310e-01
7.758193139648437153e-01
7.803028196207681955e-01
7.676338100179036505e-01
7.681658528645833872e-01
7.685350042724609088e-01
7.657427998860677487e-01
7.755500799560547387e-01
7.809531351725260695e-01
7.707636289469400603e-01
7.751137056477864773e-01
7.767575252278645648e-01
7.711146122233072386e-01
7.673465122477213241e-01
7.711683697509765789e-01
7.860742626953125534e-01
7.667426161702474152e-01
7.684227907307942251e-01
7.848726682535807075e-01
7.583217551676432189e-01
7.633252347819010630e-01
7.695854325358072456e-01
7.579952899169921654e-01
7.700701405843098923e-01
7.743400494384765631e-01
7.636920281982422232e-01
7.826114282226562802e-01
7.574754469807942758e-01
7.802856884765625445e-01
7.770958390299479435e-01
7.670979227701822944e-01
7.776948380533854621e-01
7.624202010091145620e-01
7.608552591959635292e-01
7.757460131835937078e-01
7.655871988932291261e-01
7.553082965087890566e-01
7.830473571777343267e-01
7.735515940348307584e-01
7.739251741536458118e-01
7.849411486816406658e-01
7.775835961914062677e-01
7.457148415120442575e-01
7.692467456054687958e-01
7.702307187906900499e-01
7.738301662190755215e-01
7.732320473225910984e-01
7.740138555908203655e-01
7.691060219319661995e-01
7.786748665364583433e-01
7.819603908284504801e-01
7.637224424235026232e-01
7.896290452067057375e-01
7.815088922119141079e-01
7.768268715413411130e-01
7.731093680826822689e-01
7.825937032063802201e-01
7.797550136311849345e-01
7.845785675048828622e-01
7.646373360188801760e-01
7.833047100830078380e-01
7.801809659830729604e-01
7.678203157552083713e-01
7.793690480550130584e-01
7.796358711751302240e-01
7.775638863118489175e-01
7.815587097167968622e-01
7.726367799886068033e-01
7.752713639322916794e-01
7.675754357910156145e-01
7.686300661214192642e-01
7.761633300781249911e-01
7.786862990315754907e-01
7.791171413167318205e-01
7.734090704345703005e-01
7.667007090250651524e-01
7.769080434163411208e-01
7.685386867268880762e-01
7.675987575276692620e-01
7.756445363362630685e-01
7.625647208658854481e-01
7.717542022705078386e-01
7.780049912516275867e-01
7.793217431640625525e-01
7.698681571451823080e-01
7.866706797281901586e-01
7.851133302815754833e-01
7.798792637125651073e-01
7.867354748535155817e-01
7.870383638509114155e-01
7.766181852213541736e-01
7.817828957112630262e-01
7.750394718424479246e-01
7.857124212646484640e-01
7.865219476318359160e-01
7.862334444173176839e-01
7.912229243977864090e-01
7.806099009195963667e-01
7.910470745849609298e-01
7.929457944742838160e-01
7.819643052164713115e-01
7.789621018473307235e-01
7.778375976562500460e-01
7.861385219319660944e-01
7.782858666992187313e-01
7.866279003906250233e-01
7.631679746500651396e-01
7.897324629720051670e-01
7.957892140706380735e-01
7.725557910156249930e-01
7.784391489664713726e-01
7.809946915690104685e-01
7.806241188557943023e-01
7.859710432942708103e-01
7.757253118896484390e-01
7.949250952148437799e-01
7.748784653727213145e-01
7.847830780029296793e-01
7.781840832519530959e-01
7.744735742187499605e-01
